#DataAnalysis

## 背景

### 所谓体测，到底是什么？

建国五十多年来，党和国家一直非常关心和重视广大学生的身体健康，原国家教委、原国家体委等有关部门从鼓励和推动学生积极参加体育锻炼，增强学生体质的目的出发，在不同时期先后制定了 **《劳卫制》《国家体育锻炼标准》《大学生体育合格标准》《中学生体育合格标准》《小学生体育合格标准》** 及初中毕业生升学体育考试办法等一系列制度，并于2002年开始在全国试行 **《学生体质健康标准》**。[^我国学生体质健康评价制度的演变和发展]

这里的 **《学生体质健康标准》测试（后文简称体测）** 就是我们常说的体测。

> [!tip] 你知道吗？
> 我们在《劳卫制》实行阶段，体测还会考察 射击🔫、手榴弹掷远、行军、听一般国防知识 哦！[^我国学生体质健康评价制度的演变和发展]

### 体测，对于学生有什么用？

除了可以促进学生（特指 本调研报告的调研对象，浙江科技学院 2019 ～ 2022级学生，后同）体质健康发展、激励学生积极进行身体锻炼的教育手段，作为学生体质健康的个体评价标准，体测成绩对于学生最大的影响就是**奖学金的评定**。

浙江省高等教育本科学生资助政策设置了 **本科生国家学金**、**国家励志奖学金**、**国家助学金**、**浙江省政府奖学金**、**服兵役高等学院国家教育资助基金**、**国家助学贷款奖补基金**。校内资助政策包括各类**校设奖学金**、**勤工助学基金**、**困难补助基金**、各类**减免金**。[^浙江科技学院学生手册2021版]

#### 国家级、省级奖学金的评定

其中，**本科生国家奖学金、国家励志奖学金、省政府奖学金**申请的基本条件，基于浙江科技学院设定的这三个奖学金评选实施办法（浙江科技学院本科学生国家奖学金评选实施办法（修订）：浙科院学〔2019〕8 号、浙江科技学院本科学生国家励志奖学金评选实施办法：浙科院学〔2021〕6 号、浙江科技学院本科学生省政府奖学金评选实施办法：浙科院学〔2021〕5 号），**均包含**：积极参加体育锻炼，身体健康，**《学生体质健康标准》测试成绩达到良好及以上**。

然而，上述三个办法分别依据的《本专科生国家奖学金评审办法》教财函〔2019〕105 号[^本专科生国家奖学金评审办法]、《学生资助资金管理办法》财科教〔2019〕19 号[^学生资助资金管理办法]以及《浙江省财政厅、浙江省教育厅关于印发浙江省普通本科高校、高等职业学校省政府奖学金管理办法的通知》浙财教〔2016〕49 号[^省政府奖学金管理办法]中，**均未包含对于学生体测成绩的要求**。 

#### 校级奖学金的评定

根据《浙江科技学院本科学生奖学金评定及管理办法》浙科院学〔2018〕6 号，**校设奖学金 是按学费金额从学生缴纳的学费中按规定比例提取的经费而设立的**，包含：**卓越学子奖学金、优秀学生奖学金、单项奖学金、创新创业类奖学金、本科生赴国（境）外交流奖学金**。此外，还有单项奖项设**学业优秀奖、学习进步奖、优良学风奖、外语成绩优秀奖、文体优秀奖、社团活动奖、突出贡献奖**。

但是，以上种种奖项的评定的基本条件，**均包含**：积极参加体育锻炼，身体健康，**《学生体质健康标准》测试成绩达到良好及以上。**

> [!bug] 你知道吗？
> **无论是国家级、省级、校级的奖学金，只要学生 体测成绩 未达到良好，就会与所有奖学金无缘**。

### 体测包含哪些内容？

根据 国家学生体质健康标准单项指标与权重[^国家学生体质健康标准单项指标与权重]，大学生体测包含以下评价指标：

| 评价指标                            | 权重（%） |
| ----------------------------------- | --------- |
| 体重指数（BMI）                     | 15        |
| 肺活量                              | 15        |
| 50米跑                              | 20        |
| 坐位体前屈                          | 10        |
| 立定跳远                            | 10        |
| 引体向上（男）/ 1分钟仰卧起坐（女） | 10        |
| 1000米跑（男）/800米跑（女）        | 20        |

### 体测成绩如何评级？

根据 国家学生体质健康标准说明[^国家学生体质健康标准说明]，各分数段对应评级如下表所示：

| 分数         | 评级   |
| ------------ | ------ |
| 90.0分及以上 | 优秀   |
| 80.0～89.9分 | 良好   |
| 60.0～79.9分 | 及格   |
| 59.9分及以下 | 不及格 |

## 基本情况及分析

本次调查报告基于浙江科技学院 2022年体测全体学生数据 12月1日的数据信息，涵盖浙江科技学院 2019级 - 2022级 全部本科生，共计 $15526$ 名同学，其中 男生 $9693$ 名（占比 $62.43\%$），女生 $5833$ 名 （占比$37.57\%$）。

### 数据清理

我们去除了 退伍军人（男性 $52$ 名，女性 $9$ 名）、免测（男性 $384$ 名，免测率 $4.0\%$，女性 $455$ 名，免测率 $7.8\%$）以及没有成绩的同学（男性 $2398$ 名，女性 $1014$ 名），共计 $3412$ 名同学的数据。最终实际有效的结果共计 $12114$ 份（男性 $7295$ 名，占比 $60.22\%$，女性 $4819$ 名，占比 $39.78\%$）。

>[!info] Fun Fact
有 4 名 **免测通过** 的女同学（刚好大一到大四 各 1 名）的体测成绩是 **良**，即 85分以上！



男     7295
女     4819

大一    3732
大二    3288
大三    2907
大四    2187


### 数据分析

### 整体情况分析

#### 目录
- 按照男女
	- 整体得分分布情况
		- 【饼状图】对比
	- 按照学院
		- 【柱状图】
	- 按照年级
		- 【堆叠柱状图】对比
- 按照年级
	- 整体得分分布情况
		- 【堆叠柱状图】
- 按照学院
	- 整体得分分布情况
		- 【堆叠柱状图】按良+优秀占比排序
- 整体得分分布情况
- 【饼状图】

#### 按照性别

##### 整体得分分布情况

等级       不及格        及格         良        优秀
性别                                        
女   0.032579  0.536833  0.412741  0.017846
男   0.102262  0.697601  0.185881  0.014256

##### 按照学院

等级                  不及格        及格         良        优秀
性别 学院                                                
女  中德学院        0.014493  0.543478  0.420290  0.021739
   中德工程师学院     0.018868  0.500000  0.462264  0.018868
   人文学院        0.062762  0.535565  0.372385  0.029289
   信息与电子工程学院   0.024024  0.453453  0.504505  0.018018
   土木与建筑工程学院   0.021341  0.484756  0.472561  0.021341
   外国语学院       0.036437  0.554656  0.400810  0.008097
   机械与能源工程学院   0.016667  0.558333  0.391667  0.033333
   环境与资源学院     0.036036  0.612613  0.342342  0.009009
   理学院         0.017442  0.534884  0.430233  0.017442
   生物与化学工程学院   0.054381  0.534743  0.389728  0.021148
   经济与管理学院     0.018321  0.509924  0.456489  0.015267
   自动化与电气工程学院  0.011834  0.485207  0.467456  0.035503
   艺术设计与服装学院   0.050206  0.600823  0.334156  0.014815
男  中德学院        0.071006  0.686391  0.224852  0.017751
   中德工程师学院     0.116883  0.753247  0.113636  0.016234
   人文学院        0.212766  0.659574  0.085106  0.042553
   信息与电子工程学院   0.105911  0.694581  0.185550  0.013957
   土木与建筑工程学院   0.106250  0.721250  0.160000  0.012500
   外国语学院       0.083333  0.812500  0.104167  0.000000
   机械与能源工程学院   0.097118  0.697972  0.192102  0.012807
   环境与资源学院     0.138776  0.718367  0.138776  0.004082
   理学院         0.090000  0.680000  0.210000  0.020000
   生物与化学工程学院   0.072356  0.729128  0.191095  0.007421
   经济与管理学院     0.090354  0.687424  0.205128  0.017094
   自动化与电气工程学院  0.095969  0.674664  0.212092  0.017274
   艺术设计与服装学院   0.149140  0.671128  0.168260  0.011472

##### 按照年级

![[各年级、性别总分分布.png]]

可以看出，无论是哪一个年级，女性的良、优秀率（上图中黄色、绿色部分）占比都远高于男性。

#### 按照年级

##### 整体得分分布情况

> [!tip] 大二是巅峰
> 大二同学的 良 + 优秀 率是最高滴

等级       不及格        及格         良        优秀
年级                                        
大一  0.062701  0.645498  0.275991  0.015809
大二  0.058698  0.581509  0.337895  0.021898
大三  0.106983  0.626419  0.255246  0.011352
大四  0.075446  0.701417  0.211248  0.011888

##### 按照性别分类的得分分布情况

等级          不及格        及格         良        优秀
年级 性别                                        
大一 女   0.013870  0.515950  0.447989  0.022191
   男   0.093450  0.727074  0.167686  0.011790
大二 女   0.017828  0.455429  0.501621  0.025122
   男   0.083252  0.657254  0.239533  0.019961
大三 女   0.043559  0.558851  0.389249  0.008341
   男   0.144420  0.666302  0.176149  0.013129
大四 女   0.063910  0.637218  0.285714  0.013158
   男   0.086376  0.762244  0.140695  0.010686

#### 按照学院

等级               不及格        及格         良        优秀
学院                                                
中德学院        0.045603  0.622150  0.312704  0.019544
中德工程师学院     0.091787  0.688406  0.202899  0.016908
人文学院        0.087413  0.555944  0.325175  0.031469
信息与电子工程学院   0.088330  0.642811  0.254030  0.014829
土木与建筑工程学院   0.081560  0.652482  0.250887  0.015071
外国语学院       0.044068  0.596610  0.352542  0.006780
机械与能源工程学院   0.087985  0.682119  0.214759  0.015137
环境与资源学院     0.106742  0.685393  0.202247  0.005618
理学院         0.073834  0.647668  0.259067  0.019430
生物与化学工程学院   0.065517  0.655172  0.266667  0.012644
经济与管理学院     0.046031  0.578206  0.359793  0.015970
自动化与电气工程学院  0.084228  0.648225  0.247729  0.019818
艺术设计与服装学院   0.079977  0.621979  0.284235  0.013809

#### 全体成员整体得分分布

及格     0.633647
良      0.276127
不及格    0.074542
优秀     0.015684

### 各个子项目的分析

- 生成年级（大一、大二、大三、大四），生成各个子项目的成绩。

测试对象中，
- 各个体测小项目的得分情况
	- 整体分布情况
		- 【箱线图】
	- 体测等级为 （良 或 优秀） 的同学 和 其他同学 【箱线图】【散点图】 对比



## 主要问题

- 【猜测】男生和女生的 评级分布不一致

## 问题形成原因分析

- 【猜测】部分小项（如引体向上）分差过大

## 对策和建议



## 参考文献

[^我国学生体质健康评价制度的演变和发展]: 全国学生体质健康标准数据管理中心. 我国学生体质健康评价制度的演变和发展\[EB/OL\]. \[2008-04-14]. http://www.csh.moe.edu.cn/wtzx/bz/20141226/2c909e854a80abab014a8428886c0002.html.

[^国家学生体质健康标准单项指标与权重]: 全国学生体质健康标准数据管理中心. 国家学生体质健康标准单项指标与权重\[EB/OL\]. \[2014-07-29\]. http://www.csh.moe.edu.cn/wtzx/bz/20141226/2c909e854a84301a014a8440b4d2000f.html.

[^2014年《国家学生体质健康标准》单项指标评分表]: 全国学生体质健康标准数据管理中心. 2014年《国家学生体质健康标准》单项指标评分表\[EB/OL\]. \[2014-07-31\]. http://www.csh.moe.edu.cn/wtzx/zl/20141226/2c909e854a8490a4014a8498e6730009.html.

[^国家学生体质健康标准说明]: 全国学生体质健康标准数据管理中心. 国家学生体质健康标准说明\[EB/OL\]. \[2014-7-28\]. http://www.csh.moe.edu.cn/wtzx/bz/20141226/2c909e854a84301a014a8440085e000d.html.

[^浙江科技学院学生手册2021版]: 浙江科技学院教务处，浙江科技学院学生处. 浙江科技学院学生手册2021版\[M\], 2021.

[^本专科生国家奖学金评审办法]: 教育部，财政部. 本专科生国家奖学金评审办法：教财函 2019 105号\[A/OL\]. \[2019-09-18\]. http://fgcx.bjcourt.gov.cn:4601/law?fn=chl568s116.txt.

[^浙江省学生资助对象认定办法]: 浙江省教育厅，浙江省财政厅，浙江省民政厅，等. 浙江省学生资助对象认定办法：浙教财2020 15号\[A/OL\]. \[2020-04-02\]. http://jyt.zj.gov.cn/art/2020/4/2/art_1229106823_395082.html.

[^学生资助资金管理办法]: 财政部，教育部，人力资源社会保障部， 等. 关于印发《学生资助资金管理办法》的通知 财科教2019 19号\[A/OL\]. \[2019-04-01\]. http://www.moe.gov.cn/jyb_xxgk/moe_1777/moe_1779/201906/t20190604_384357.html.

[^省政府奖学金管理办法]: 浙江省财政厅，浙江省教育厅. 浙江省财政厅 浙江省教育厅关于印发浙江省普通本科高校 高等职业学校省政府奖学金管理办法的通知.\[A/OL\] \[2016-07-11\]. http://czt.zj.gov.cn/art/2016/7/11/art_1229135599_2317271.html.
